{"distances": [[0.0, 6.5, 2.5, 5.0, 5.5, 6.5, 7.0, 5.5, 4.0, 5.0, 7.0], [6.5, 0.0, 5.0, 4.0, 5.5, 5.5, 6.0, 5.5, 3.5, 5.5, 5.0], [2.5, 5.0, 0.0, 5.0, 4.0, 5.5, 5.0, 3.5, 5.0, 6.5, 3.5], [5.0, 4.0, 5.0, 0.0, 9.0, 2.5, 8.0, 5.0, 6.5, 5.0, 4.0], [5.5, 5.5, 4.0, 9.0, 0.0, 3.0, 6.5, 8.5, 5.0, 4.5, 4.5], [6.5, 5.5, 5.5, 2.5, 3.0, 0.0, 5.0, 6.0, 3.5, 7.5, 4.5], [7.0, 6.0, 5.0, 8.0, 6.5, 5.0, 0.0, 7.0, 6.5, 7.5, 7.0], [5.5, 5.5, 3.5, 5.0, 8.5, 6.0, 7.0, 0.0, 6.0, 5.0, 9.0], [4.0, 3.5, 5.0, 6.5, 5.0, 3.5, 6.5, 6.0, 0.0, 6.5, 4.5], [5.0, 5.5, 6.5, 5.0, 4.5, 7.5, 7.5, 5.0, 6.5, 0.0, 8.0], [7.0, 5.0, 3.5, 4.0, 4.5, 4.5, 7.0, 9.0, 4.5, 8.0, 0.0]], "cities": ["V1", "V2", "V3", "V4", "V5", "V6", "V7", "V8", "V9", "V10", "V11"], "minCost": 45.0}