[[0.0, 4.5, 5.5, 6.5, 5.5, 6.5, 4.0], [4.5, 0.0, 5.5, 7.5, 7.5, 6.0, 9.0], [5.5, 5.5, 0.0, 6.5, 8.5, 5.5, 6.0], [6.5, 7.5, 6.5, 0.0, 5.5, 4.0, 7.0], [5.5, 7.5, 8.5, 5.5, 0.0, 6.0, 3.0], [6.5, 6.0, 5.5, 4.0, 6.0, 0.0, 6.5], [4.0, 9.0, 6.0, 7.0, 3.0, 6.5, 0.0]]