{"distances": [[0.0, 6.0, 5.5, 5.0, 5.5, 4.0, 2.5, 7.5, 4.5], [6.0, 0.0, 7.5, 5.5, 5.0, 2.5, 4.0, 5.5, 7.5], [5.5, 7.5, 0.0, 5.5, 7.5, 9.0, 7.5, 5.0, 7.0], [5.0, 5.5, 5.5, 0.0, 5.5, 5.0, 7.5, 5.5, 4.5], [5.5, 5.0, 7.5, 5.5, 0.0, 7.5, 4.5, 4.0, 1.5], [4.0, 2.5, 9.0, 5.0, 7.5, 0.0, 9.0, 6.0, 7.5], [2.5, 4.0, 7.5, 7.5, 4.5, 9.0, 0.0, 2.0, 4.5], [7.5, 5.5, 5.0, 5.5, 4.0, 6.0, 2.0, 0.0, 4.0], [4.5, 7.5, 7.0, 4.5, 1.5, 7.5, 4.5, 4.0, 0.0]], "cities": ["V1", "V2", "V3", "V4", "V5", "V6", "V7", "V8", "V9"], "minCost": 32.5}